公交线路客流调查表,,,,,,,,,,,,,
调查日期：2026.4.21,调查线路：某路,,,,,,,,,,,,
发车间隔：3分钟,发车时间：7.22,到达时间：8.03,,,,,,,,,,,
站点编号,途径站点,到达时间,离站时间,上车人数,下车人数,途径站点,到达时间,离站时间,上车人数,下车人数,,,
1,东体育馆,7.22 ,7.22 ,2,0,东体育馆,8.30 ,8.30 ,1,0,,,
2,融园东,7.24 ,7.24 ,6,0,东操场,8.32 ,8.32 ,0,0,,,
3,第三食堂,7.26 ,7.27 ,0,0,理科楼,8.33 ,8.34 ,0,0,,,
4,秀园,7.28 ,7.29 ,0,3,逸夫楼,8.35 ,8.36 ,0,0,,,
5,第二食堂,7.32 ,7.33 ,2,0,1号教学楼,8.37 ,8.38 ,3,0,,,
6,综合楼,7.38 ,7.39 ,0,3,11号教学楼,8.40 ,8.41 ,0,0,,,
7,一食堂,7.43 ,7.43 ,0,0,纺化楼,8.43 ,8.44 ,0,1,,,
8,西门,7.45 ,7.46 ,2,4,西门,8.46 ,8.46 ,2,2,,,
9,纺化楼,7.48,7.48,0,0,一食堂,8.48 ,8.48 ,4,3,,,
10,11号教学楼,7.50 ,7.51,1,0,综合楼,8.52,8.53,1,0,,,
11,1号教学楼,7.53,7.54,2,0,第二食堂,8.58,8.58,1,0,,,
12,逸夫楼,7.56,7.57,1,0,秀园,9.01,9.02,0,3,,,
13,理科楼,8.00 ,8.00 ,0,0,第三食堂,9.03,9.03,0,2,,,
14,东操场,8.01 ,8.02 ,0,3, 融园东,9.05,9.06,0,1,,,
15,   东体育馆,8.03,8.03,0,3,东体育馆,9.08,9.08,0,0,,,
总结,,,,16,16,,,,12,12,,,
,,,,,,,,,,,,,
公交线路客流调查表,,,,,,,,,,,,,
调查日期：2026.4.21,调查线路：某路,,,,,,,,,,,,
发车间隔：3分钟,发车时间：7.26,到达时间：8.06,,,,,,,,,,,
站点编号,途径站点,到达时间,离站时间,上车人数,下车人数,途径站点,到达时间,离站时间,上车人数,下车人数,,,
1,东体育馆,7.26 ,7.26 ,1,0,东体育馆,8.55 ,8.55 ,1,0,,,
2,融园东,7.28 ,7.29 ,7,0,东操场,8.56 ,8.57 ,0,0,,,
3,第三食堂,7.31 ,7.31 ,3,4,理科楼,8.58 ,8.58 ,0,0,,,
4,秀园,7.33 ,7.33 ,1,0,逸夫楼,9.00 ,9.01 ,0,0,,,
5,第二食堂,7.37 ,7.38 ,1,2,1号教学楼,9.03 ,9.03 ,2,0,,,
6,综合楼,7.41 ,7.42 ,0,0,11号教学楼,9.05 ,9.06 ,2,1,,,
7,一食堂,7.45 ,7.46 ,0,0,纺化楼,9.09 ,9.10 ,0,1,,,
8,西门,7.48 ,7.48 ,0,1,西门,9.12 ,9.12 ,0,0,,,
9,纺化楼,7.50 ,7.51,0,6,一食堂,9.14 ,9.15 ,3,2,,,
10,11号教学楼,7.53,7.54,2,0,综合楼,9.18,9.19,0,0,,,
11,1号教学楼,7.56,7.57,1,0,第二食堂,9.22,9.23,2,1,,,
12,逸夫楼,7.59,7.59 ,0,2,秀园,9.26,9.26,0,5,,,
13,理科楼,8.02,8.03,0,1,第三食堂,9.28,9.28,0,0,,,
14,东操场,8.04,8.05,0,0,融园东,9.30 ,9.31,0,0,,,
15,   东体育馆,8.06,8.06,0,0,东体育馆,9.33,9.33,0,0,,,
总计,,,,16,16,,,,10,10,,,
,,,,,,,,,,,,,
公交线路客流调查表,,,,,,,,,,,,,
调查日期：2026.4.21,调查线路：某路,,,,,,,,,,,,
发车间隔：10分钟,发车时间：7.30,到达时间：8.07,,,,,,,,,,,
站点编号,途径站点,到达时间,离站时间,上车人数,下车人数,途径站点,到达时间,离站时间,上车人数,下车人数,,,
1,东体育馆,7.30 ,7.30 ,1,0,东体育馆,9.18 ,9.18 ,0,0,,,
2,融园东,7.32 ,7.33 ,4,0,东操场,9.19 ,9.19 ,0,0,,,
3,第三食堂,7.35 ,7.35 ,2,2,理科楼,9.20 ,9.21 ,0,0,,,
4,秀园,7.36 ,7.37 ,0,0,逸夫楼,9.23 ,9.24 ,1,0,,,
5,第二食堂,7.40 ,7.40 ,1,3,1号教学楼,9.26 ,9.26 ,0,0,,,
6,综合楼,7.44 ,7.45 ,0,1,11号教学楼,9.28 ,9.29 ,1,0,,,
7,一食堂,7.49 ,7.49 ,2,2,纺化楼,9.32 ,9.32 ,4,0,,,
8,西门,7.51 ,7.52 ,0,0,西门,9.34 ,9.34 ,0,0,,,
9,纺化楼,7.54 ,7.54 ,0,0,一食堂,9.36 ,9.36 ,3,4,,,
10,11号教学楼,7.57 ,7.57 ,0,0,综合楼,9.39 ,9.40 ,1,2,,,
11,1号教学楼,7.59 ,8.00 ,1,0,第二食堂,9.44 ,9.44 ,1,0,,,
12,逸夫楼,8.03 ,8.03 ,0,0,秀园,9.47 ,9.47 ,0,3,,,
13,    理科楼,8.04 ,8.05 ,0,3,第三食堂,9.48 ,9.49 ,0,0,,,
14,东操场,8.06 ,8.06 ,0,0,融园东,9.52 ,9.52 ,0,2,,,
15,东体育馆,8.07 ,8.07 ,0,0,东体育馆,9.54 ,9.54 ,0,0,,,
总计,,,,11,11,,,,11,11,,,
,,,,,,,,,,,,,
公交线路客流调查表（下行）,,,,,公交线路客流调查表（上行）,,,,,,,,
调查日期：2025.4.18,调查线路：某路,,,,调查日期：2025.4.18,调查线路：某路,,,,,,,
发车间隔：分钟,发车时间：,到达时间：,,,发车间隔：10分钟,发车时间：,到达时间：,,,,,,
站点编号,途径站点,上车人数,下车人数,,站点编号,途径站点,上车人数,下车人数,,,,,
1,东体育馆,4,0,,1,东体育馆,2,0,,,,,
2,融园东,17,0,,2,东操场,0,0,,,,,
3,第三食堂,5,6,,3,理科楼,0,0,,,,,
4,秀园,1,3,,4,逸夫楼,1,0,,,,,
5,第二食堂,4,5,,5,1号教学楼,5,0,,,,,
6,综合楼,0,4,,6,11号教学楼,3,1,,,,,
7,一食堂,2,2,,7,纺化楼,4,2,,,,,
8,西门,2,5,,8,西门,2,2,,,,,
9,纺化楼,0,6,,9,一食堂,10,9,,,,,
10,11号教学楼,3,0,,10,综合楼,2,2,,,,,
11,1号教学楼,4,0,,11,第二食堂,4,1,,,,,
12,逸夫楼,1,2,,12,秀园,0,11,,,,,
13,理科楼,0,4,,13,第三食堂,0,2,,,,,
14,东操场,0,3,,14,融园东,0,3,,,,,
15,东体育馆,0,3,,15,东体育馆,0,0,,,,,
合计,,43,43,,,,33,33,,,,,
,,,,,,,,,,,,,
,,,,,,,,,,,,,
,,,,,,,,,,,,,
,,,,,,,,,,,,,
,,,,,,,,,,,,,
,,,,,,,,,,,,,
,,,,,,,,,,,,,
,,,,,,,,,,,,,
,,,,,,,,,,,,,
,,,,,,,,,,,,,
,,,,,,,,,,,,,
,,,,,,,,,,,,,
,,,,,,,,,,,,,
,,,,,,,,,,,,,
,,,,,,,,,,,,,
,,,,,,,,,,,,,
,,,,,,,,,,,,,
,,,,,,,,,,,,,
,,,,,,,,,,,,,
,,,,,,,,,,,,,
,,,,,,,,,,,,,
,,,,,,,,,,,,,
断面（下行）,客流量,,,断面（上行）,客流量,,,,,,,,
东体育馆,4,,,东体育馆,2,,,,,,,,
融园东,21,,,东操场,2,,,,,,,,
第三食堂,20,,,理科楼,2,,,,,,,,
秀园,18,,,逸夫楼,3,,,,,,,,
第二食堂,17,,,1号教学楼,8,,,,,,,,
综合楼,13,,,11号教学楼,10,,,,,,,,
一食堂,13,,,纺化楼,12,,,,,,,,
西门,10,,,西门,12,,,,,,,,
纺化楼,4,,,一食堂,13,,,,,,,,
11号教学楼,7,,,综合楼,13,,,,,,,,
1号教学楼,11,,,第二食堂,16,,,,,,,,
逸夫楼,10,,,秀园,5,,,,,,,,
理科楼,6,,,第三食堂,3,,,,,,,,
东操场,3,,,融园东,0,,,,,,,,
东体育馆,0,,,东体育馆,0,,,,,,,,
,,,,,,,,,,,,,
,,,,,,,,,,,,,
,,,,,,,,,,,,,
（下行）,上车人数,下车人数,上车人数,下车人数,上车人数,下车人数,平均上车人数,平均下车人数,车上人数,断面客流,,,
东体育馆,2,0,1,0,1,0,1 ,0 ,1 ,4,,,
融园东,6,0,7,0,4,0,6 ,0 ,7 ,21,,,
第三食堂,0,0,3,4,2,2,2 ,2 ,7 ,20,,,
秀园,0,3,1,0,0,0,0 ,1 ,6 ,18,,,
第二食堂,2,0,1,2,1,3,1 ,2 ,6 ,17,,,
综合楼,0,3,0,0,0,1,0 ,1 ,4 ,13,,,
一食堂,0,0,0,0,2,2,1 ,1 ,4 ,13,,,
西门,2,4,0,1,0,0,1 ,2 ,3 ,10,,,
纺化楼,0,0,0,6,0,0,0 ,2 ,1 ,4,,,
11号教学楼,1,0,2,0,0,0,1 ,0 ,2 ,7,,,
1号教学楼,2,0,1,0,1,0,1 ,0 ,4 ,11,,,
逸夫楼,1,0,0,2,0,0,0 ,1 ,3 ,10,,,
理科楼,0,0,0,1,0,3,0 ,1 ,2 ,6,,,
东操场,0,3,0,0,0,0,0 ,1 ,1 ,3,,,
东体育馆,0,3,0,0,0,0,0 ,1 ,0 ,0,,,
,,,,,,,,,,,,,
,,,,,,,,,,,,,
,,,,,,,,,,,,,
（上行）,上车人数,下车人数,上车人数,下车人数,上车人数,下车人数,平均上车人数,平均下车人数,车上人数,断面客流,,,
东体育馆,1,0,1,0,0,0,1 ,0 ,1 ,2,,,
东操场,0,0,0,0,0,0,0 ,0 ,1 ,2,,,
理科楼,0,0,0,0,0,0,0 ,0 ,1 ,2,,,
逸夫楼,0,0,0,0,1,0,0 ,0 ,1 ,3,,,
1号教学楼,3,0,2,0,0,0,2 ,0 ,3 ,8,,,
11号教学楼,0,0,2,1,1,0,1 ,0 ,3 ,10,,,
纺化楼,0,1,0,1,4,0,1 ,1 ,4 ,12,,,
西门,2,2,0,0,0,0,1 ,1 ,4 ,12,,,
一食堂,4,3,3,2,3,4,3 ,3 ,4 ,13,,,
综合楼,1,0,0,0,1,2,1 ,1 ,4 ,13,,,
第二食堂,1,0,2,1,1,0,1 ,0 ,5 ,16,,,
秀园,0,3,0,5,0,3,0 ,4 ,2 ,5,,,
第三食堂,0,2,0,0,0,0,0 ,1 ,1 ,3,,,
融园东,0,1,0,0,0,2,0 ,1 ,0 ,0,,,
东体育馆,0,0,0,0,0,0,0 ,0 ,0 ,0,,,
,,,,,,,,,,,,,
,,,,,,,,,,,,,
,,,,,,,,,,,,,
,,,,,,,,,,,,,
,,,,,,,,,,,,,
某次车，早高峰时期（下行）,站点,站名,站距Si,行驶距离/km,已上车乘客 (客流量Ai),集结量,疏散量,垂直误差线,（1-4的客运量）,客运周转量,平均运距,,
,1,东体育馆,0,0,4,4,0,4,157,48.877,0.311,,0.688
,2,融园东,0.172,0.172,21,17,0,17,,,,,7.203
,3,第三食堂,0.343,0.515,20,5,6,-1,,,,,3.58
,4,秀园,0.179,0.694,18,1,3,-2,,,,,5.472
,5,第二食堂,0.304,0.998,17,4,5,-1,,,,,6.171
,6,综合楼,0.363,1.361,13,0,4,-4,,,,,4.628
,7,一食堂,0.356,1.717,13,2,2,0,,,,,4.55
,8,西门,0.35,2.067,10,2,5,-3,,,,,4.1
,9,纺化楼,0.41,2.477,4,0,6,-6,,,,,0.732
,10,11号教学楼,0.183,2.66,7,3,0,3,,,,,2.009
,11,1号教学楼,0.287,2.947,11,4,0,4,,,,,2.673
,12,逸夫楼,0.243,3.19,10,1,2,-1,,,,,3
,13,理科楼,0.3,3.49,6,0,4,-4,,,,,2.646
,14,东操场,0.441,3.931,3,0,3,-3,,,,,1.425
,15,东体育馆,0.475,4.406,0,0,3,-3,,,,,0
,,,,,,,,,,,,,
,,,,,,,,,,,,,
某次车，早高峰时期（上行）,站点,站名,站距Si,行驶距离/km,已上车乘客 (客流量Ai),集结量,疏散量,垂直误差线,（1-4的客运量）,客运周转量,平均运距,,
,1,东体育馆,0,0,2,2,0,2,101,32.542,0.322,,
,2,东操场,0.475,0.172,2,0,0,0,,,,,0.95
,3,理科楼,0.441,0.515,2,0,0,0,,,,,0.882
,4,逸夫楼,0.3,0.694,3,1,0,1,,,,,0.6
,5,1号教学楼,0.243,0.998,8,5,0,5,,,,,0.729
,6,11号教学楼,0.287,1.361,10,3,1,2,,,,,2.296
,7,纺化楼,0.183,1.717,12,4,2,2,,,,,1.83
,8,西门,0.41,2.067,12,2,2,0,,,,,4.92
,9,一食堂,0.35,2.477,13,10,9,1,,,,,4.2
,10,综合楼,0.356,2.66,13,2,2,0,,,,,4.628
,11,第二食堂,0.363,2.947,16,4,1,3,,,,,4.719
,12,秀园,0.304,3.19,5,0,11,-11,,,,,4.864
,13,第三食堂,0.179,3.49,3,0,2,-2,,,,,0.895
,14,融园东,0.343,3.931,0,0,3,-3,,,,,1.029
,15,东体育馆,0.172,4.406,0,0,0,0,,,,,0
,,,,,,,,,,,,,
,,,,,,,,,,,,,
,,,,,,,,,,,,,
,,,,,,,,,,,,,
,,,,,,,,,,,,,
,,,,,,,,,,,,,
